-5.999999999999999778e-01 0.000000000000000000e+00
-5.799999999999999600e-01 0.000000000000000000e+00
-5.599999999999999423e-01 0.000000000000000000e+00
-5.399999999999999245e-01 0.000000000000000000e+00
-5.199999999999999067e-01 0.000000000000000000e+00
-4.999999999999998890e-01 0.000000000000000000e+00
-4.799999999999998712e-01 0.000000000000000000e+00
-4.599999999999998535e-01 0.000000000000000000e+00
-4.399999999999998357e-01 0.000000000000000000e+00
-4.199999999999998179e-01 0.000000000000000000e+00
-3.999999999999998002e-01 0.000000000000000000e+00
-3.799999999999997824e-01 0.000000000000000000e+00
-3.599999999999997646e-01 0.000000000000000000e+00
-3.399999999999997469e-01 0.000000000000000000e+00
-3.199999999999997291e-01 0.000000000000000000e+00
-2.999999999999997113e-01 0.000000000000000000e+00
-2.799999999999996936e-01 0.000000000000000000e+00
-2.599999999999996758e-01 0.000000000000000000e+00
-2.399999999999996581e-01 0.000000000000000000e+00
-2.199999999999996403e-01 0.000000000000000000e+00
-1.999999999999996225e-01 0.000000000000000000e+00
-1.799999999999996048e-01 0.000000000000000000e+00
-1.599999999999995870e-01 0.000000000000000000e+00
-1.399999999999995692e-01 0.000000000000000000e+00
-1.199999999999995515e-01 0.000000000000000000e+00
-9.999999999999953371e-02 0.000000000000000000e+00
-7.999999999999951594e-02 0.000000000000000000e+00
-5.999999999999949818e-02 0.000000000000000000e+00
-3.999999999999948042e-02 0.000000000000000000e+00
-1.999999999999946265e-02 0.000000000000000000e+00
5.551115123125782702e-16 0.000000000000000000e+00
2.000000000000057288e-02 0.000000000000000000e+00
4.000000000000059064e-02 0.000000000000000000e+00
6.000000000000060840e-02 0.000000000000000000e+00
8.000000000000062617e-02 0.000000000000000000e+00
1.000000000000006439e-01 0.000000000000000000e+00
1.200000000000006617e-01 0.000000000000000000e+00
1.400000000000006795e-01 0.000000000000000000e+00
1.600000000000006972e-01 0.000000000000000000e+00
1.800000000000007150e-01 0.000000000000000000e+00
2.000000000000007327e-01 0.000000000000000000e+00
2.200000000000007505e-01 0.000000000000000000e+00
2.400000000000007683e-01 0.000000000000000000e+00
2.600000000000007860e-01 0.000000000000000000e+00
2.800000000000008038e-01 0.000000000000000000e+00
3.000000000000008216e-01 0.000000000000000000e+00
3.200000000000008393e-01 0.000000000000000000e+00
3.400000000000008571e-01 0.000000000000000000e+00
3.600000000000008749e-01 0.000000000000000000e+00
3.800000000000008926e-01 0.000000000000000000e+00
4.000000000000009104e-01 0.000000000000000000e+00
4.200000000000009281e-01 0.000000000000000000e+00
4.400000000000009459e-01 0.000000000000000000e+00
4.600000000000009637e-01 0.000000000000000000e+00
4.800000000000009814e-01 0.000000000000000000e+00
5.000000000000009992e-01 0.000000000000000000e+00
5.200000000000010170e-01 0.000000000000000000e+00
5.400000000000010347e-01 0.000000000000000000e+00
5.600000000000010525e-01 0.000000000000000000e+00
5.800000000000010703e-01 0.000000000000000000e+00
6.000000000000010880e-01 0.000000000000000000e+00
6.200000000000011058e-01 0.000000000000000000e+00
6.400000000000011235e-01 0.000000000000000000e+00
6.600000000000011413e-01 0.000000000000000000e+00
6.800000000000011591e-01 0.000000000000000000e+00
7.000000000000011768e-01 0.000000000000000000e+00
7.200000000000011946e-01 0.000000000000000000e+00
7.400000000000012124e-01 0.000000000000000000e+00
7.600000000000012301e-01 0.000000000000000000e+00
7.800000000000012479e-01 0.000000000000000000e+00
8.000000000000012657e-01 0.000000000000000000e+00
8.200000000000012834e-01 0.000000000000000000e+00
8.400000000000013012e-01 0.000000000000000000e+00
8.600000000000013189e-01 0.000000000000000000e+00
8.800000000000013367e-01 0.000000000000000000e+00
9.000000000000013545e-01 0.000000000000000000e+00
9.200000000000013722e-01 0.000000000000000000e+00
9.400000000000013900e-01 0.000000000000000000e+00
9.600000000000014078e-01 0.000000000000000000e+00
9.800000000000014255e-01 0.000000000000000000e+00
1.000000000000001332e+00 0.000000000000000000e+00
1.020000000000001572e+00 0.000000000000000000e+00
1.040000000000001590e+00 0.000000000000000000e+00
1.060000000000001608e+00 0.000000000000000000e+00
1.080000000000001625e+00 0.000000000000000000e+00
1.100000000000001643e+00 0.000000000000000000e+00
1.120000000000001661e+00 0.000000000000000000e+00
1.140000000000001679e+00 0.000000000000000000e+00
1.160000000000001696e+00 0.000000000000000000e+00
1.180000000000001714e+00 0.000000000000000000e+00
1.200000000000001732e+00 0.000000000000000000e+00
1.220000000000001750e+00 0.000000000000000000e+00
1.240000000000001767e+00 0.000000000000000000e+00
1.260000000000001785e+00 0.000000000000000000e+00
1.280000000000001803e+00 0.000000000000000000e+00
1.300000000000001821e+00 0.000000000000000000e+00
1.320000000000001839e+00 0.000000000000000000e+00
1.340000000000001856e+00 0.000000000000000000e+00
1.360000000000001874e+00 0.000000000000000000e+00
1.380000000000001892e+00 0.000000000000000000e+00
1.400000000000001910e+00 0.000000000000000000e+00
1.420000000000001927e+00 0.000000000000000000e+00
1.440000000000001945e+00 0.000000000000000000e+00
1.460000000000001963e+00 0.000000000000000000e+00
1.480000000000001981e+00 0.000000000000000000e+00
1.500000000000001998e+00 0.000000000000000000e+00
1.520000000000002016e+00 0.000000000000000000e+00
1.540000000000002034e+00 0.000000000000000000e+00
1.560000000000002052e+00 0.000000000000000000e+00
1.580000000000002069e+00 0.000000000000000000e+00
1.600000000000002087e+00 0.000000000000000000e+00
1.620000000000002105e+00 0.000000000000000000e+00
1.640000000000002123e+00 0.000000000000000000e+00
1.660000000000002141e+00 0.000000000000000000e+00
1.680000000000002158e+00 0.000000000000000000e+00
1.700000000000002176e+00 0.000000000000000000e+00
1.720000000000002194e+00 0.000000000000000000e+00
1.740000000000002212e+00 0.000000000000000000e+00
1.760000000000002229e+00 0.000000000000000000e+00
1.780000000000002247e+00 0.000000000000000000e+00
1.800000000000002265e+00 0.000000000000000000e+00
1.820000000000002283e+00 0.000000000000000000e+00
1.840000000000002300e+00 0.000000000000000000e+00
1.860000000000002318e+00 0.000000000000000000e+00
1.880000000000002336e+00 0.000000000000000000e+00
1.900000000000002354e+00 0.000000000000000000e+00
1.920000000000002371e+00 0.000000000000000000e+00
1.940000000000002389e+00 4.000000000000000000e+00
1.960000000000002407e+00 1.500000000000000000e+01
1.980000000000002425e+00 2.800000000000000000e+01
2.000000000000002665e+00 1.460000000000000000e+02
2.020000000000002238e+00 4.400000000000000000e+02
2.040000000000002700e+00 1.215000000000000000e+03
2.060000000000002274e+00 2.934000000000000000e+03
2.080000000000002736e+00 6.070000000000000000e+03
2.100000000000002309e+00 1.216500000000000000e+04
2.120000000000002771e+00 2.193200000000000000e+04
2.140000000000002345e+00 3.462900000000000000e+04
2.160000000000002807e+00 4.898600000000000000e+04
2.180000000000002380e+00 5.974000000000000000e+04
2.200000000000002842e+00 6.193800000000000000e+04
2.220000000000002416e+00 5.514100000000000000e+04
2.240000000000002878e+00 4.237800000000000000e+04
2.260000000000002451e+00 2.700900000000000000e+04
2.280000000000002913e+00 1.416300000000000000e+04
2.300000000000002487e+00 6.663000000000000000e+03
2.320000000000002949e+00 2.819000000000000000e+03
2.340000000000002522e+00 1.162000000000000000e+03
2.360000000000002984e+00 3.320000000000000000e+02
2.380000000000002558e+00 6.800000000000000000e+01
2.400000000000003020e+00 1.400000000000000000e+01
2.420000000000002593e+00 5.000000000000000000e+00
2.440000000000003055e+00 4.000000000000000000e+00
2.460000000000002629e+00 0.000000000000000000e+00
2.480000000000003091e+00 0.000000000000000000e+00
2.500000000000002665e+00 0.000000000000000000e+00
2.520000000000003126e+00 0.000000000000000000e+00
2.540000000000002700e+00 0.000000000000000000e+00
2.560000000000003162e+00 0.000000000000000000e+00
2.580000000000002736e+00 0.000000000000000000e+00
2.600000000000003197e+00 0.000000000000000000e+00
2.620000000000002771e+00 0.000000000000000000e+00
2.640000000000003233e+00 0.000000000000000000e+00
2.660000000000002807e+00 0.000000000000000000e+00
2.680000000000003268e+00 0.000000000000000000e+00
2.700000000000002842e+00 0.000000000000000000e+00
2.720000000000003304e+00 0.000000000000000000e+00
2.740000000000002878e+00 0.000000000000000000e+00
2.760000000000003340e+00 0.000000000000000000e+00
2.780000000000002913e+00 0.000000000000000000e+00
2.800000000000003375e+00 0.000000000000000000e+00
2.820000000000002949e+00 0.000000000000000000e+00
2.840000000000003411e+00 0.000000000000000000e+00
2.860000000000002984e+00 0.000000000000000000e+00
2.880000000000003446e+00 0.000000000000000000e+00
2.900000000000003020e+00 0.000000000000000000e+00
2.920000000000003482e+00 0.000000000000000000e+00
2.940000000000003055e+00 0.000000000000000000e+00
2.960000000000003517e+00 0.000000000000000000e+00
2.980000000000003091e+00 0.000000000000000000e+00
3.000000000000003553e+00 0.000000000000000000e+00
3.020000000000003126e+00 0.000000000000000000e+00
3.040000000000003588e+00 0.000000000000000000e+00
3.060000000000003162e+00 0.000000000000000000e+00
3.080000000000003624e+00 0.000000000000000000e+00
3.100000000000003197e+00 0.000000000000000000e+00
3.120000000000003659e+00 0.000000000000000000e+00
3.140000000000003233e+00 0.000000000000000000e+00
3.160000000000003695e+00 0.000000000000000000e+00
3.180000000000003268e+00 0.000000000000000000e+00
3.200000000000003730e+00 0.000000000000000000e+00
3.220000000000003304e+00 0.000000000000000000e+00
3.240000000000003766e+00 0.000000000000000000e+00
3.260000000000003340e+00 0.000000000000000000e+00
3.280000000000003801e+00 0.000000000000000000e+00
3.300000000000003375e+00 0.000000000000000000e+00
3.320000000000003837e+00 0.000000000000000000e+00
3.340000000000003411e+00 0.000000000000000000e+00
3.360000000000003872e+00 0.000000000000000000e+00
3.380000000000003446e+00 0.000000000000000000e+00
3.400000000000003908e+00 0.000000000000000000e+00
3.420000000000003482e+00 0.000000000000000000e+00
3.440000000000003944e+00 0.000000000000000000e+00
3.460000000000004405e+00 0.000000000000000000e+00
3.480000000000003979e+00 0.000000000000000000e+00
3.500000000000003553e+00 0.000000000000000000e+00
3.520000000000004015e+00 0.000000000000000000e+00
3.540000000000004476e+00 0.000000000000000000e+00
3.560000000000004050e+00 0.000000000000000000e+00
3.580000000000003624e+00 0.000000000000000000e+00
3.600000000000004086e+00 0.000000000000000000e+00
3.620000000000004547e+00 0.000000000000000000e+00
3.640000000000004121e+00 0.000000000000000000e+00
3.660000000000003695e+00 0.000000000000000000e+00
3.680000000000004157e+00 0.000000000000000000e+00
